-5.376175548589340991e+00 5.154639175257624308e-03
-5.020898641588297018e+00 1.030927835051552097e-02
-4.963427377220480885e+00 8.247422680412418161e-02
-4.950365726227795804e+00 6.494845360824784697e-01
-4.934691745036572819e+00 8.247422680412418161e-02
-4.916405433646813705e+00 1.546391752577314788e-02
-4.814524555903866521e+00 1.030927835051552097e-02
-4.791013584117032487e+00 9.278350515463970605e-02
-4.783176593521421438e+00 2.319587628865993900e-01
-4.775339602925809501e+00 7.216494845360865718e-02
-4.754440961337513372e+00 1.030927835051552097e-02
-4.574190177638453925e+00 1.030927835051552097e-02
-4.555903866248693923e+00 6.701030927835076312e-02
-4.535005224660396905e+00 1.030927835051552097e-02
-4.025600835945663647e+00 5.154639175257624308e-03
-3.780041797283177019e+00 2.061855670103104540e-02
-3.748693834900731492e+00 5.773195876288698125e-01
-3.738244514106583427e+00 9.948453608247486146e-01
-3.727795193312434918e+00 5.670103092783542742e-01
-3.709508881922674917e+00 6.185567010309313274e-02
-3.699059561128526852e+00 8.762886597938181199e-02
-3.685997910135840883e+00 3.092783505154656984e-02
-3.652037617554859228e+00 1.030927835051552097e-02
-3.521421107628004421e+00 5.154639175257624308e-03
-3.495297805642633371e+00 4.639175257731972118e-02
-3.477011494252874257e+00 5.154639175257624308e-03
-3.450888192267502763e+00 0.000000000000000000e+00
-3.432601880877743206e+00 5.154639175257761524e-02
-3.414315569487983204e+00 5.154639175257624308e-03
-3.315047021943573480e+00 5.154639175257624308e-03
-3.294148380355276906e+00 7.731958762886628755e-02
-3.270637408568442872e+00 5.154639175257624308e-03
-3.056426332288401326e+00 5.154639175257624308e-03
-3.027690700104493260e+00 4.123711340206209081e-02
-3.014629049111807735e+00 1.030927835051552097e-02
-2.810867293625914254e+00 0.000000000000000000e+00
-2.638453500522466300e+00 1.030927835051552097e-02
-2.625391849529780774e+00 3.092783505154656984e-02
-2.612330198537095249e+00 1.030927835051552097e-02
-2.547021943573668068e+00 1.546391752577314788e-02
-2.531347962382445083e+00 2.628865979381459494e-01
-2.507836990595611049e+00 2.061855670103104540e-02
