-2.000000000000000000e+00 7.107674870211212748e-02
-1.921348314606741603e+00 2.001122807220730160e-01
-1.842696629213483206e+00 6.352073162983553622e-01
-1.764044943820224809e+00 1.940990369878959343e-01
-1.685393258426966412e+00 9.648055196564334079e-02
-1.606741573033708015e+00 1.264732389684264657e-01
-1.528089887640449396e+00 3.719845855629967946e-01
-1.449438202247190999e+00 2.273925422864961354e-01
-1.370786516853932602e+00 1.447584428422628855e-01
-1.292134831460674205e+00 8.113586683171905567e-02
-1.213483146067415808e+00 4.635123247344670461e-02
-1.134831460674157189e+00 4.165236275345828021e-02
-1.056179775280898792e+00 5.192053422969145071e-02
-9.775280898876403946e-01 7.228542538353116553e-02
-8.988764044943819975e-01 1.050853657386480317e-01
-8.202247191011236005e-01 1.460838507277939513e-01
-7.415730337078652035e-01 1.005832032510845936e-01
-6.629213483146068064e-01 7.982836322230241199e-02
-5.842696629213484094e-01 8.913133949939688883e-02
-5.056179775280900124e-01 1.202633187632291822e-01
-4.269662921348316154e-01 1.381690565313620223e-01
-3.483146067415729963e-01 1.384609610661862167e-01
-2.696629213483145993e-01 1.274234402760069107e-01
-1.910112359550562022e-01 1.229278807872536544e-01
-1.123595505617978052e-01 1.886457443919344334e-01
-3.370786516853940817e-02 2.298111630713932652e-01
4.494382022471921090e-02 1.929757621730085748e-01
1.235955056179776079e-01 1.977688081294137756e-01
2.022471910112360050e-01 2.247326132278342214e-01
2.808988764044944020e-01 2.744041374770995745e-01
3.595505617977527990e-01 3.257430965999021932e-01
4.382022471910111960e-01 3.374935901997536680e-01
5.168539325842695931e-01 3.237894430958849767e-01
5.955056179775279901e-01 3.198888612359900296e-01
6.741573033707863871e-01 3.115194355610912402e-01
7.528089887640447841e-01 2.884375075799308075e-01
8.314606741573031812e-01 2.525810427588471296e-01
9.101123595505615782e-01 2.129227558799780817e-01
9.887640449438199752e-01 1.814830038643395482e-01
1.067415730337078372e+00 1.670051966087918449e-01
1.146067415730336769e+00 1.543420779667321330e-01
1.224719101123595610e+00 1.410557572447692920e-01
1.303370786516854007e+00 1.284223779848353564e-01
1.382022471910112404e+00 1.172404339767843112e-01
1.460674157303370801e+00 1.077602240227610170e-01
1.539325842696629199e+00 9.986324086264809774e-02
1.617977528089887596e+00 9.324911527765228358e-02
1.696629213483145993e+00 8.756660031477930817e-02
1.775280898876404390e+00 8.249170477233262744e-02
1.853932584269662787e+00 7.777330391017829581e-02
1.932584269662921184e+00 7.325693093039051251e-02
2.011235955056180025e+00 6.888620254468436066e-02
2.089887640449438422e+00 6.468149672656053895e-02
2.168539325842696819e+00 6.070401321863305028e-02
2.247191011235955216e+00 5.701865495501920456e-02
2.325842696629213613e+00 5.366521297368873761e-02
2.404494382022472010e+00 5.064054061333098100e-02
2.483146067415730407e+00 4.800661554790117136e-02
2.561797752808988804e+00 4.700368921103224157e-02
2.640449438202247201e+00 4.738151160134624479e-02
2.719101123595505598e+00 4.817546120667359766e-02
2.797752808988763995e+00 4.913248053306989993e-02
2.876404494382022392e+00 5.010492745736343234e-02
2.955056179775280789e+00 5.098105393586091494e-02
3.033707865168539186e+00 5.182103738942797633e-02
3.112359550561797583e+00 5.270653830029572995e-02
3.191011235955055980e+00 5.362062801543127782e-02
3.269662921348314377e+00 5.471076691394734237e-02
3.348314606741572774e+00 5.586944791038593594e-02
3.426966292134831171e+00 5.652793750737027112e-02
3.505617977528089568e+00 5.583588636064092114e-02
3.584269662921347965e+00 5.362127311524292339e-02
3.662921348314606362e+00 5.059367341352936920e-02
3.741573033707864759e+00 4.734162828030029357e-02
3.820224719101123156e+00 4.456552349802962720e-02
3.898876404494381553e+00 4.274853434322245516e-02
3.977528089887639950e+00 4.178326043377317278e-02
4.056179775280898347e+00 3.667025651718668761e-02
4.134831460674156745e+00 3.047664680674755031e-02
4.213483146067415142e+00 2.716899218659410767e-02
4.292134831460673539e+00 2.599594521990549953e-02
4.370786516853932824e+00 2.635308983738432129e-02
4.449438202247191221e+00 2.787360700934546354e-02
4.528089887640449618e+00 3.079088776563417701e-02
4.606741573033708015e+00 3.997619093624494441e-02
4.685393258426966412e+00 5.526831160867555492e-02
4.764044943820224809e+00 6.125972929036799935e-02
4.842696629213483206e+00 4.860546905365704939e-02
4.921348314606741603e+00 3.044328523097237713e-02
5.000000000000000000e+00 1.691283542116207156e-02
